$ 1 0.0000049999999999999996 382.76258214399064 43 12 50 5e-11
v 240 320 240 272 0 0 40 12 0 0 0.5
f 400 256 400 208 41 3 0.02
s 272 208 304 208 0 0 false
w 272 208 240 208 0
w 240 208 240 272 0
c 336 288 336 224 0 1.0000000000000001e-7 -7.94595244331194 0.001
c 464 224 464 288 0 2e-8 4.855817347361906 0.001
w 416 208 464 208 0
r 400 320 400 384 0 10000000
w 464 208 544 208 0
w 560 272 560 208 0
w 560 208 544 208 0
w 336 288 336 304 0
w 400 304 400 256 0
w 400 304 464 304 0
w 464 304 464 288 0
w 240 320 240 400 0
w 400 384 400 400 0
w 560 320 560 400 0
w 240 400 400 400 0
w 560 400 400 400 0
w 464 208 464 224 0
w 400 320 400 304 0
w 336 224 336 208 0
w 384 208 336 208 0
w 336 208 304 208 0
w 336 304 400 304 0
181 560 320 560 272 0 1914.0663932126001 3 12 0.001 0.001
o 10 1024 0 x83012 0.8084084181760565 0.0001 0 1 2 -53
o 5 1024 0 4099 10 0.1 1 1
